 TWO ELECTRON INTEGRALS: 
     1     1     1     1           0.0705237
     2     1     1     1            0.282892
     2     1     2     1            0.289542
     2     1     2     2            0.338121
     2     2     1     1            0.162868
     2     2     2     1            0.338121
     2     2     2     2           0.0997356
     3     1     1     1            0.241258
     3     1     2     1            0.506053
     3     1     2     2            0.300901
     3     1     3     1            0.228368
     3     1     3     2            0.610323
     3     1     3     3            0.354069
     3     2     1     1            0.316283
     3     2     2     1            0.668669
     3     2     2     2             0.40007
     3     2     3     1            0.610323
     3     2     3     2            0.409475
     3     2     3     3            0.478175
     3     3     1     1            0.178412
     3     3     2     1            0.381452
     3     3     2     2            0.230329
     3     3     3     1            0.354069
     3     3     3     2            0.478175
     3     3     3     3            0.141047
     4     1     1     1            0.179818
     4     1     2     1            0.386056
     4     1     2     2            0.233923
     4     1     3     1            0.360663
     4     1     3     2            0.488327
     4     1     3     3            0.289291
     4     1     4     1            0.148593
     4     1     4     2            0.437828
     4     1     4     3            0.583662
     4     1     4     4            0.337369
     4     2     1     1            0.260588
     4     2     2     1            0.561416
     4     2     2     2             0.34119
     4     2     3     1            0.527393
     4     2     3     2            0.715667
     4     2     3     3            0.425538
     4     2     4     1            0.437828
     4     2     4     2            0.322961
     4     2     4     3            0.863127
     4     2     4     4             0.50073
     4     3     1     1            0.338121
     4     3     2     1             0.73249
     4     3     2     2            0.447292
     4     3     3     1            0.694299
     4     3     3     2            0.945641
     4     3     3     3            0.565785
     4     3     4     1            0.583662
     4     3     4     2            0.863127
     4     3     4     3            0.579084
     4     3     4     4            0.676242
     4     4     1     1            0.188063
     4     4     2     1            0.410463
     4     4     2     2            0.252313
     4     4     3     1            0.393972
     4     4     3     2            0.539455
     4     4     3     3            0.325735
     4     4     4     1            0.337369
     4     4     4     2             0.50073
     4     4     4     3            0.676242
     4     4     4     4            0.199471
     5     1     1     1             0.12182
     5     1     2     1            0.266252
     5     1     2     2            0.163871
     5     1     3     1            0.256165
     5     1     3     2            0.351122
     5     1     3     3            0.212401
     5     1     4     1            0.220163
     5     1     4     2            0.327012
     5     1     4     3             0.44222
     5     1     4     4            0.261447
     5     1     5     1           0.0857093
     5     1     5     2            0.268356
     5     1     5     3            0.395057
     5     1     5     4            0.525969
     5     1     5     5             0.30343
     5     2     1     1            0.188595
     5     2     2     1            0.412712
     5     2     2     2            0.254301
     5     2     3     1            0.397939
     5     2     3     2            0.545966
     5     2     3     3            0.330817
     5     2     4     1            0.343161
     5     2     4     2            0.510054
     5     2     4     3            0.690599
     5     2     4     4             0.40912
     5     2     5     1            0.268356
     5     2     5     2            0.210142
     5     2     5     3            0.619182
     5     2     5     4            0.825423
     5     2     5     5            0.477112
     5     3     1     1            0.272175
     5     3     2     1            0.596908
     5     3     2     2            0.368527
     5     3     3     1             0.57773
     5     3     3     2            0.793962
     5     3     3     3            0.482515
     5     3     4     1            0.501183
     5     3     4     2            0.745846
     5     3     4     3             1.01211
     5     3     4     4            0.601802
     5     3     5     1            0.395057
     5     3     5     2            0.619182
     5     3     5     3            0.456736
     5     3     5     4             1.22065
     5     3     5     5            0.708139
     5     4     1     1            0.350885
     5     4     2     1            0.772113
     5     4     2     2            0.478175
     5     4     3     1            0.751774
     5     4     3     2              1.0359
     5     4     3     3            0.632567
     5     4     4     1             0.65846
     5     4     4     2            0.981888
     5     4     4     3             1.33734
     5     4     4     4            0.800141
     5     4     5     1            0.525969
     5     4     5     2            0.825423
     5     4     5     3             1.22065
     5     4     5     4            0.818949
     5     4     5     5            0.956351
     5     5     1     1            0.193515
     5     5     2     1            0.427693
     5     5     2     2            0.265962
     5     5     3     1            0.419749
     5     5     3     2            0.580483
     5     5     3     3            0.356825
     5     5     4     1            0.372562
     5     5     4     2            0.557161
     5     5     4     3            0.762904
     5     5     4     4            0.460659
     5     5     5     1             0.30343
     5     5     5     2            0.477112
     5     5     5     3            0.708139
     5     5     5     4            0.956351
     5     5     5     5            0.282095
N 2e Ints: 140
N insig. Ints: 0
